Sain1MovimentaE: .word 24, 24
.byte 199,199,199,199,199,199,199,199,199,199,199,199,199,199,199,199,199,199,199,199,199,199,199,199,
199,199,199,199,199,199,199,199,199,199,82,82,82,199,199,199,199,199,199,199,199,199,199,199,
199,199,199,199,199,199,199,199,199,82,233,233,233,82,199,199,199,199,199,199,199,199,199,199,
199,199,199,82,82,199,199,199,82,82,210,210,101,82,199,199,199,199,199,199,199,199,199,199,
82,82,82,91,91,82,82,82,82,210,255,255,210,82,82,82,199,199,199,199,199,199,199,199,
82,101,91,101,127,91,91,82,210,82,210,210,233,210,127,82,199,199,199,199,199,199,82,82,
199,82,91,101,101,91,82,91,82,82,249,249,233,210,210,210,82,199,199,199,82,82,246,246,
199,82,255,101,101,101,101,91,91,91,82,210,233,146,82,233,233,82,82,82,246,246,82,82,
199,82,255,82,101,101,101,101,101,91,82,146,146,82,82,233,233,82,246,246,82,82,199,199,
199,82,101,101,101,91,101,101,101,101,101,146,210,82,255,255,210,246,82,82,199,199,199,199,
199,82,82,82,82,91,101,101,101,101,146,249,82,82,101,255,82,82,91,91,82,82,199,199,
199,82,101,101,82,91,101,101,101,101,82,82,246,246,82,82,101,82,91,91,91,91,82,199,
199,199,82,82,82,101,91,101,82,82,246,246,82,82,91,101,101,82,82,91,91,91,82,199,
199,199,199,199,82,101,82,82,246,246,82,82,233,146,101,101,101,82,199,82,82,82,82,199,
199,199,199,82,82,82,255,255,82,82,146,233,249,82,91,101,101,101,82,199,199,199,199,199,
199,199,199,82,255,255,82,82,255,246,82,82,82,82,82,91,101,101,82,199,199,199,199,199,
199,199,199,82,82,82,82,101,91,101,82,82,82,82,101,101,101,82,199,199,199,199,199,199,
199,199,199,199,82,82,82,101,101,255,82,199,82,101,255,82,82,199,199,199,199,199,199,199,
199,199,199,199,199,100,100,82,82,82,100,100,82,82,82,100,100,100,100,199,199,199,199,199,
199,199,199,100,100,100,100,100,100,100,100,100,100,100,100,100,100,100,100,199,199,199,199,199,
199,199,199,100,100,100,100,100,100,100,100,100,100,100,100,100,100,199,199,199,199,199,199,199,
199,199,199,199,199,199,100,100,100,100,100,100,100,100,199,199,199,199,199,199,199,199,199,199,
199,199,199,199,199,199,199,199,199,199,199,199,199,199,199,199,199,199,199,199,199,199,199,199,
199,199,199,199,199,199,199,199,199,199,199,199,199,199,199,199,199,199,199,199,199,199,199,199,

Sain1MovimentaN: .word 16, 24
.byte 199,199,199,199,199,199,199,199,199,199,199,199,199,199,199,199,
199,199,199,199,199,199,199,199,199,199,199,199,199,199,199,199,
199,199,199,199,199,199,199,199,82,82,82,199,199,199,199,199,
199,199,199,199,199,199,199,82,246,82,233,82,199,199,199,199,
199,199,199,199,199,199,82,82,246,82,233,82,82,82,199,199,
199,199,199,199,199,82,101,246,82,233,233,146,127,82,199,199,
199,199,199,199,199,82,82,246,82,146,146,233,210,82,199,199,
199,199,199,199,199,82,246,82,233,249,249,233,146,210,82,199,
199,199,199,199,199,82,246,82,146,146,146,146,82,210,82,199,
199,199,199,199,82,246,82,146,210,233,233,210,82,210,82,199,
199,199,199,199,82,246,82,146,210,233,233,210,82,210,210,82,
199,199,199,82,210,82,82,146,146,146,146,146,82,233,255,82,
199,199,199,82,255,210,82,146,101,101,101,101,146,82,82,199,
199,199,82,246,82,82,210,146,101,82,82,101,146,210,82,199,
199,199,82,246,199,82,233,146,82,82,91,82,146,233,82,199,
199,82,246,82,199,82,146,101,82,91,91,82,101,146,82,199,
82,236,246,82,199,100,82,82,91,91,82,82,101,82,199,199,
82,255,236,82,199,100,82,91,91,82,82,82,101,82,199,199,
82,255,82,199,100,100,82,91,82,82,82,101,82,100,100,199,
82,82,199,199,100,100,100,82,82,82,82,82,100,100,100,199,
199,199,199,199,100,100,100,100,100,100,100,100,100,100,100,199,
199,199,199,199,100,100,100,100,100,100,100,100,100,100,100,199,
199,199,199,199,199,100,100,100,100,100,100,100,100,100,199,199,
199,199,199,199,199,199,100,100,100,100,100,100,100,199,199,199,

Sain1MovimentaS: .word 20, 28
.byte 199,199,199,199,199,199,199,199,199,199,199,199,199,199,199,199,199,199,199,199,
199,199,199,199,82,82,199,199,199,199,199,199,199,199,199,199,199,199,199,199,
199,199,199,199,82,246,82,199,199,199,199,199,199,199,199,199,199,199,199,199,
199,199,199,199,82,82,82,82,199,199,199,199,199,199,199,199,199,199,199,199,
199,199,199,199,82,233,233,233,82,199,199,199,199,199,199,199,199,199,199,199,
199,199,82,82,82,210,210,101,82,82,82,199,199,199,199,199,199,199,199,199,
199,199,82,101,210,255,255,210,210,127,82,199,199,199,199,199,199,199,199,199,
199,199,82,210,233,210,210,233,210,210,82,199,199,199,199,199,199,199,199,199,
199,82,210,210,233,249,249,233,210,210,210,82,199,199,199,199,199,199,199,199,
199,82,82,82,82,82,82,82,82,210,210,82,199,199,199,199,199,199,199,199,
82,233,82,101,82,91,91,127,82,82,233,233,82,199,199,199,199,199,199,199,
82,255,82,91,101,91,101,82,82,82,255,255,82,199,199,199,199,199,199,199,
82,255,91,82,101,255,101,82,91,82,255,82,82,199,199,199,199,199,199,199,
199,82,82,82,82,255,82,82,101,82,255,82,82,199,199,199,199,199,199,199,
199,82,249,82,101,101,101,82,101,82,82,82,246,82,199,199,199,199,199,199,
199,82,233,82,82,91,82,82,101,82,233,82,246,82,199,199,199,199,199,199,
199,82,82,82,82,101,91,82,101,82,82,82,82,246,82,199,199,199,199,199,
199,199,82,101,82,82,82,101,91,82,100,199,82,246,82,199,199,199,199,199,
199,199,82,91,101,82,91,101,82,82,100,199,199,82,246,82,199,199,199,199,
199,100,100,82,101,82,101,101,82,100,100,100,199,82,246,82,199,199,199,199,
199,100,100,82,101,82,101,91,82,100,100,100,199,199,82,255,82,199,199,199,
199,100,100,82,82,82,82,82,100,100,100,100,199,199,82,255,82,199,199,199,
199,100,100,100,100,100,100,100,100,100,100,100,199,199,199,82,255,82,199,199,
199,199,100,100,100,100,100,100,100,100,100,199,199,199,199,82,255,82,199,199,
199,199,199,100,100,100,100,100,100,100,199,199,199,199,199,199,82,82,199,199,
199,199,199,199,199,199,199,199,199,199,199,199,199,199,199,199,199,199,199,199,
199,199,199,199,199,199,199,199,199,199,199,199,199,199,199,199,199,199,199,199,
199,199,199,199,199,199,199,199,199,199,199,199,199,199,199,199,199,199,199,199,

Sain1StandBy: .word 16, 24
.byte 199,199,199,199,199,199,82,82,82,199,199,199,199,199,199,199,
199,199,199,199,199,82,233,233,233,82,199,199,199,199,199,199,
199,199,199,199,199,82,101,210,210,82,82,82,199,199,199,199,
199,199,199,82,82,82,210,255,255,210,101,82,82,82,199,199,
199,199,199,82,127,233,233,210,210,210,82,91,91,91,82,82,
199,199,82,210,233,210,249,249,210,82,91,91,127,91,91,101,
82,82,82,233,233,146,233,233,210,82,91,101,101,101,91,82,
82,246,246,210,233,146,210,233,82,91,101,101,101,101,255,82,
82,82,236,101,255,255,146,82,82,91,101,91,101,82,255,82,
82,91,91,91,255,246,246,236,82,101,101,91,101,101,101,82,
82,91,91,91,91,146,236,246,246,91,82,101,82,82,82,82,
199,82,82,82,101,101,146,146,236,255,246,82,82,101,101,82,
199,199,199,82,101,101,233,233,146,91,246,255,255,82,82,199,
199,199,199,82,101,101,249,210,101,101,101,91,255,255,246,82,
199,199,199,82,101,101,146,146,91,101,101,101,91,236,246,82,
199,199,199,82,101,91,91,91,82,255,101,101,82,91,91,82,
199,199,199,82,101,91,91,91,82,91,127,82,199,82,82,199,
199,199,199,82,101,82,91,101,82,82,82,199,199,199,199,199,
199,100,100,82,255,101,82,82,82,199,199,199,199,199,199,199,
199,100,100,100,82,82,82,100,100,100,100,100,100,199,199,199,
199,199,100,100,100,100,100,100,100,100,100,100,100,100,100,199,
199,199,199,199,199,199,199,199,199,199,199,199,199,199,199,199,
199,199,199,199,199,199,199,199,199,199,199,199,199,199,199,199,
199,199,199,199,199,199,199,199,199,199,199,199,199,199,199,199,

Sain2MovimentaE: .word 24, 24
.byte 199,199,199,199,199,199,199,199,199,199,82,82,82,199,199,199,199,199,199,199,199,199,199,199,
199,199,199,199,199,199,199,199,199,82,233,233,233,82,199,199,199,199,199,199,199,199,199,199,
199,199,199,199,199,199,199,199,82,82,210,210,101,82,199,199,199,199,199,199,199,199,199,199,
199,199,199,82,82,199,199,82,82,210,255,255,210,82,82,82,199,199,199,199,199,199,82,82,
82,82,82,91,91,82,82,210,210,82,210,210,233,210,127,82,199,199,199,199,82,82,246,246,
82,101,91,101,127,91,91,82,82,82,249,249,233,210,210,233,82,199,82,82,246,246,82,82,
199,82,91,101,101,91,82,91,91,82,82,210,233,210,82,233,233,82,246,246,82,82,199,199,
199,82,255,101,101,101,101,101,91,91,82,146,146,82,255,255,210,246,82,82,199,199,199,199,
199,82,255,82,101,101,101,101,101,101,101,146,82,82,101,255,82,82,82,199,199,199,199,199,
199,82,101,101,101,91,101,101,101,101,82,82,246,246,82,82,101,91,91,82,199,199,199,199,
199,82,82,82,82,91,101,101,82,82,246,246,82,82,101,101,101,82,91,91,82,82,199,199,
199,82,101,101,82,101,82,82,246,246,82,82,233,146,101,101,101,82,91,91,91,91,82,199,
199,199,82,82,82,82,255,255,82,82,101,146,233,146,101,101,101,82,82,91,91,91,82,199,
199,199,199,82,255,255,82,82,101,101,146,233,249,146,91,101,101,82,199,82,82,82,82,199,
199,199,199,82,82,82,91,101,101,91,82,82,82,82,82,101,101,82,199,199,199,199,199,199,
199,199,199,199,199,82,91,101,91,82,199,199,199,82,91,101,91,82,199,199,199,199,199,199,
199,199,199,199,199,82,82,101,82,199,199,199,199,82,101,91,82,199,199,199,199,199,199,199,
199,199,199,100,100,82,82,101,82,100,100,100,82,82,101,82,100,100,100,100,199,199,199,199,
199,199,100,100,100,100,82,101,255,82,100,100,82,101,255,82,100,100,100,100,199,199,199,199,
199,199,100,100,100,100,100,82,82,100,100,100,100,82,82,100,100,100,199,199,199,199,199,199,
199,199,199,199,199,100,100,100,100,100,100,100,100,100,199,199,199,199,199,199,199,199,199,199,
199,199,199,199,199,199,199,199,199,199,199,199,199,199,199,199,199,199,199,199,199,199,199,199,
199,199,199,199,199,199,199,199,199,199,199,199,199,199,199,199,199,199,199,199,199,199,199,199,
199,199,199,199,199,199,199,199,199,199,199,199,199,199,199,199,199,199,199,199,199,199,199,199,

Sain2MovimentaN: .word 16, 24
.byte 199,199,199,199,199,199,199,199,199,199,199,199,199,199,199,199,
199,199,199,199,199,199,199,199,82,82,199,199,199,199,199,199,
199,199,199,199,199,199,199,82,246,82,82,199,199,199,199,199,
199,199,199,199,199,199,199,82,246,82,233,82,199,199,199,199,
199,199,199,199,199,199,82,246,82,233,233,82,82,82,199,199,
199,199,199,199,199,82,101,246,82,233,233,146,127,82,199,199,
199,199,199,199,199,82,246,82,233,146,146,233,210,82,199,199,
199,199,199,199,199,82,246,82,233,249,249,233,146,210,82,199,
199,199,199,199,82,246,82,82,146,146,146,146,82,210,82,199,
199,199,199,199,82,246,82,146,210,233,233,210,82,210,82,199,
199,199,199,82,210,82,82,146,210,233,233,210,82,210,210,82,
199,199,199,82,255,210,82,146,146,146,146,146,82,233,255,82,
199,199,82,246,82,82,210,146,101,101,101,101,146,82,82,199,
199,199,82,246,82,82,210,146,101,82,82,101,146,210,82,199,
199,82,246,82,199,82,233,146,82,91,82,82,146,233,82,199,
82,236,246,82,199,82,146,101,82,91,91,82,101,146,82,199,
82,255,236,82,199,100,82,101,82,82,91,82,101,82,199,199,
82,255,82,199,199,100,82,91,82,82,91,82,101,82,199,199,
82,82,199,199,100,100,100,82,82,82,91,82,82,100,100,199,
199,199,199,199,100,100,100,82,82,91,91,82,82,100,100,199,
199,199,199,199,100,100,100,82,101,82,82,255,82,100,100,199,
199,199,199,199,100,100,100,82,82,82,82,82,100,100,100,199,
199,199,199,199,199,100,100,100,100,100,100,100,100,100,199,199,
199,199,199,199,199,199,100,100,100,100,100,100,100,199,199,199,

Sain2MovimentaS: .word 20, 28
.byte 199,199,199,199,82,82,199,199,199,199,199,199,199,199,199,199,199,199,199,199,
199,199,199,199,82,246,82,199,199,199,199,199,199,199,199,199,199,199,199,199,
199,199,199,199,82,82,82,82,199,199,199,199,199,199,199,199,199,199,199,199,
199,199,199,199,82,233,233,233,82,199,199,199,199,199,199,199,199,199,199,199,
199,199,82,82,82,210,210,101,82,82,82,199,199,199,199,199,199,199,199,199,
199,199,82,101,210,255,255,210,210,127,82,199,199,199,199,199,199,199,199,199,
199,199,82,210,233,210,210,233,210,210,82,199,199,199,199,199,199,199,199,199,
199,82,210,210,233,249,249,233,210,210,210,82,199,199,199,199,199,199,199,199,
199,82,82,82,82,82,82,82,82,210,210,82,199,199,199,199,199,199,199,199,
82,233,82,101,82,91,91,127,82,82,233,233,82,199,199,199,199,199,199,199,
82,255,82,91,101,91,101,82,82,82,255,255,82,199,199,199,199,199,199,199,
82,255,91,82,101,255,101,82,91,82,255,82,82,199,199,199,199,199,199,199,
199,82,82,82,82,255,82,82,101,82,82,82,246,82,199,199,199,199,199,199,
199,82,249,82,101,101,101,82,101,82,249,82,246,82,199,199,199,199,199,199,
199,82,233,82,82,91,82,82,101,82,233,82,82,246,82,199,199,199,199,199,
199,82,82,82,82,101,91,82,101,82,82,199,82,246,82,199,199,199,199,199,
199,199,82,101,82,82,82,101,101,82,100,199,199,82,246,82,199,199,199,199,
199,199,82,91,91,82,101,91,82,100,100,199,199,82,246,82,199,199,199,199,
199,100,100,82,91,82,91,82,100,100,100,100,199,199,82,255,82,199,199,199,
199,100,100,82,101,91,82,100,100,100,100,100,199,199,82,255,82,199,199,199,
199,100,100,82,82,82,100,100,100,100,100,100,199,199,199,82,255,82,199,199,
199,100,100,100,100,100,100,100,100,100,100,100,199,199,199,82,255,82,199,199,
199,199,100,100,100,100,100,100,100,100,100,199,199,199,199,199,82,82,199,199,
199,199,199,100,100,100,100,100,100,100,199,199,199,199,199,199,199,199,199,199,
199,199,199,199,199,199,199,199,199,199,199,199,199,199,199,199,199,199,199,199,
199,199,199,199,199,199,199,199,199,199,199,199,199,199,199,199,199,199,199,199,
199,199,199,199,199,199,199,199,199,199,199,199,199,199,199,199,199,199,199,199,
199,199,199,199,199,199,199,199,199,199,199,199,199,199,199,199,199,199,199,199,

Sain2StandBy: .word 16, 24
.byte 199,199,199,199,199,199,199,199,199,199,199,199,199,199,199,199,
199,199,199,199,199,199,82,82,82,199,199,199,199,199,199,199,
199,199,199,199,199,82,233,233,233,82,199,199,199,199,199,199,
199,199,199,199,199,82,101,210,210,82,82,82,199,199,199,199,
199,199,199,82,82,82,210,255,255,210,101,82,82,82,199,199,
199,199,199,82,127,233,233,210,210,210,82,91,91,91,82,82,
199,199,82,210,233,210,249,249,210,82,91,91,127,91,91,101,
82,82,82,233,210,146,233,233,82,91,91,101,101,101,91,82,
82,246,236,210,233,146,233,233,82,91,101,101,101,101,255,82,
199,82,82,236,255,255,146,146,91,91,101,91,101,82,255,82,
199,82,82,91,101,255,246,233,210,101,101,82,101,101,101,82,
199,82,91,91,101,146,233,246,246,236,82,101,82,82,82,82,
199,82,91,91,101,101,210,146,82,246,246,82,82,101,101,82,
199,82,82,82,101,101,233,233,210,82,236,255,255,82,82,199,
199,199,199,82,101,101,249,210,101,101,91,91,255,255,236,82,
199,199,199,82,101,91,146,146,91,101,91,91,91,101,101,82,
199,199,199,82,101,82,91,91,91,101,91,82,82,82,236,82,
199,199,199,82,101,82,91,101,82,101,91,82,199,82,255,82,
199,100,100,82,255,101,82,82,82,255,91,82,199,199,82,199,
199,100,100,100,82,82,82,100,82,101,127,82,199,199,199,199,
199,199,100,100,100,100,100,100,100,82,82,100,100,100,100,100,
199,199,199,199,199,199,199,199,199,199,199,199,199,199,199,199,
199,199,199,199,199,199,199,199,199,199,199,199,199,199,199,199,
199,199,199,199,199,199,199,199,199,199,199,199,199,199,199,199,

Sain3MovimentaE: .word 24, 24
.byte 199,199,199,199,199,199,199,199,199,199,82,82,82,199,199,199,199,199,199,199,199,199,199,199,
199,199,199,199,199,199,199,199,199,82,233,233,233,82,199,199,199,199,199,199,199,199,199,199,
199,199,199,199,199,199,199,199,82,82,210,210,101,82,199,199,199,199,199,199,199,199,199,199,
199,199,199,199,199,199,199,82,82,210,255,255,210,82,82,82,199,199,199,199,199,199,199,199,
199,199,199,82,82,82,82,210,210,82,210,210,233,210,127,82,199,199,199,199,199,82,82,82,
82,82,82,91,91,91,91,82,82,82,249,249,233,210,210,233,82,199,199,82,82,246,246,82,
82,101,91,101,127,91,91,91,82,82,82,210,233,210,146,233,82,82,82,246,246,82,82,199,
199,82,91,101,101,101,91,82,91,91,82,146,146,82,233,233,82,246,246,82,82,199,199,199,
199,82,255,101,101,101,101,101,101,91,91,146,82,255,255,210,246,82,82,199,199,199,199,199,
199,82,255,82,101,101,101,101,101,101,146,82,82,101,255,82,82,91,91,82,199,199,199,199,
199,82,101,101,101,91,101,101,101,82,82,246,246,82,82,101,101,82,91,82,199,199,199,199,
199,82,82,82,82,91,101,82,82,246,246,82,82,146,101,101,101,82,91,91,82,199,199,199,
199,82,101,101,82,82,82,246,246,82,82,146,233,146,101,101,101,91,82,91,91,82,199,199,
199,199,82,82,82,255,255,82,82,101,146,233,249,82,91,101,101,101,82,91,91,82,199,199,
199,199,82,255,255,82,82,82,101,101,146,82,82,82,82,91,101,101,82,82,82,82,199,199,
199,199,82,82,82,101,82,82,101,91,82,199,199,82,82,82,82,101,82,199,199,199,199,199,
199,199,199,82,101,91,82,91,101,82,199,199,199,82,101,82,82,101,82,199,199,199,199,199,
199,199,199,82,101,82,82,101,91,82,199,199,199,199,82,82,82,101,255,82,199,199,199,199,
199,199,82,255,101,82,82,101,82,100,100,100,100,100,100,100,100,82,82,82,199,199,199,199,
199,199,100,82,82,82,101,255,82,100,100,100,100,100,100,100,100,100,100,100,199,199,199,199,
199,199,100,100,100,100,82,82,100,100,100,100,100,100,100,100,100,100,199,199,199,199,199,199,
199,199,199,199,199,100,100,100,100,100,100,100,100,100,199,199,199,199,199,199,199,199,199,199,
199,199,199,199,199,199,199,199,199,199,199,199,199,199,199,199,199,199,199,199,199,199,199,199,
199,199,199,199,199,199,199,199,199,199,199,199,199,199,199,199,199,199,199,199,199,199,199,199,

Sain3MovimentaN: .word 16, 24
.byte 199,199,199,199,199,199,199,199,82,82,199,199,199,199,199,199,
199,199,199,199,199,199,199,82,246,82,82,199,199,199,199,199,
199,199,199,199,199,199,199,82,246,82,233,82,199,199,199,199,
199,199,199,199,199,199,82,246,82,233,233,82,82,82,199,199,
199,199,199,199,199,82,101,246,82,233,233,146,127,82,199,199,
199,199,199,199,199,82,246,82,233,146,146,233,210,82,199,199,
199,199,199,199,199,82,246,82,233,249,249,233,146,210,82,199,
199,199,199,199,82,246,82,82,146,146,146,146,82,210,82,199,
199,199,199,199,82,246,82,146,210,233,233,210,82,210,82,199,
199,199,199,82,210,82,82,146,210,233,233,210,82,210,210,82,
199,199,199,82,255,210,82,146,146,146,146,146,82,233,255,82,
199,199,82,246,82,82,210,146,101,101,101,101,146,82,82,199,
199,199,82,246,82,82,210,146,101,82,82,101,146,210,82,199,
199,82,246,82,199,82,233,146,82,91,82,82,146,233,82,199,
82,236,246,82,199,82,146,101,82,91,91,82,101,146,82,199,
82,255,236,82,199,199,82,101,82,82,91,82,101,82,199,199,
82,255,82,199,199,100,82,101,82,82,91,91,82,82,199,199,
82,82,199,199,199,100,100,82,82,82,91,91,82,82,199,199,
199,199,199,199,100,100,100,82,101,82,82,91,82,82,100,199,
199,199,199,199,100,100,100,82,101,82,82,82,82,100,100,199,
199,199,199,199,100,100,100,82,101,82,91,101,82,100,100,199,
199,199,199,199,100,100,100,82,101,82,101,82,100,100,100,199,
199,199,199,199,199,100,100,100,82,82,255,82,100,100,199,199,
199,199,199,199,199,199,100,100,100,82,82,100,100,199,199,199,

Sain3MovimentaS: .word 20, 28
.byte 199,199,199,199,199,82,82,199,199,199,199,199,199,199,199,199,199,199,199,199,
199,199,199,199,82,246,82,199,199,199,199,199,199,199,199,199,199,199,199,199,
199,199,199,199,82,82,82,82,199,199,199,199,199,199,199,199,199,199,199,199,
199,199,199,199,82,233,233,233,82,199,199,199,199,199,199,199,199,199,199,199,
199,199,82,82,82,210,210,101,82,82,82,199,199,199,199,199,199,199,199,199,
199,199,82,101,210,255,255,210,210,127,82,199,199,199,199,199,199,199,199,199,
199,199,82,210,233,210,210,233,210,210,82,199,199,199,199,199,199,199,199,199,
199,82,210,210,233,249,249,233,210,210,210,82,199,199,199,199,199,199,199,199,
199,82,82,82,82,82,82,82,82,210,210,82,199,199,199,199,199,199,199,199,
82,233,82,101,82,91,91,127,82,82,233,233,82,199,199,199,199,199,199,199,
82,255,82,91,101,91,101,82,82,82,255,255,82,199,199,199,199,199,199,199,
82,255,91,82,101,255,101,82,91,82,255,82,82,199,199,199,199,199,199,199,
199,82,82,82,82,255,82,82,101,82,82,82,246,82,199,199,199,199,199,199,
199,82,249,82,101,101,101,82,101,82,249,82,246,82,199,199,199,199,199,199,
199,82,233,82,82,91,82,82,101,82,233,82,82,246,82,199,199,199,199,199,
199,82,82,82,82,101,91,82,101,82,82,199,82,246,82,199,199,199,199,199,
199,199,82,101,82,82,82,91,101,82,199,199,199,82,246,82,199,199,199,199,
199,199,82,91,91,82,91,101,82,82,100,199,199,82,246,82,199,199,199,199,
199,199,100,82,101,82,101,101,82,100,100,199,199,199,82,255,82,199,199,199,
199,100,100,82,91,82,101,91,82,100,100,100,199,199,82,255,82,199,199,199,
199,100,100,82,101,91,101,82,82,100,100,100,199,199,199,82,255,82,199,199,
199,100,100,82,255,82,255,101,82,100,100,100,199,199,199,82,255,82,199,199,
199,100,100,100,82,82,82,82,100,100,100,100,199,199,199,199,82,82,199,199,
199,199,100,100,100,100,100,100,100,100,100,199,199,199,199,199,199,199,199,199,
199,199,199,100,100,100,100,100,100,100,199,199,199,199,199,199,199,199,199,199,
199,199,199,199,199,199,199,199,199,199,199,199,199,199,199,199,199,199,199,199,
199,199,199,199,199,199,199,199,199,199,199,199,199,199,199,199,199,199,199,199,
199,199,199,199,199,199,199,199,199,199,199,199,199,199,199,199,199,199,199,199,

Sain3StandBy: .word 16, 24
.byte 199,199,199,199,199,199,199,199,199,199,199,199,199,199,199,199,
199,199,199,199,199,199,199,199,199,199,199,199,199,199,199,199,
199,199,199,199,199,199,82,82,82,199,199,199,199,199,199,199,
199,199,199,199,199,82,233,233,233,82,199,199,199,199,199,199,
199,199,199,199,199,82,101,210,210,82,82,82,199,199,199,199,
199,199,199,82,82,82,210,255,255,210,101,82,199,199,199,199,
199,199,199,82,127,233,233,210,210,210,82,82,82,199,199,199,
82,82,82,233,233,210,249,249,210,82,91,91,91,82,82,199,
82,236,246,210,233,146,233,233,82,91,91,127,91,91,101,199,
199,82,236,146,233,210,146,210,82,91,101,101,101,91,82,199,
199,82,82,101,255,255,146,146,91,91,101,101,101,255,82,199,
199,199,82,91,101,255,246,210,101,101,91,101,82,255,82,199,
199,82,91,101,236,233,236,246,82,101,82,101,101,101,82,199,
82,91,91,101,101,236,210,236,246,82,91,82,82,82,82,199,
82,82,82,101,101,233,233,210,236,255,236,82,101,101,82,199,
199,199,82,101,101,249,210,101,101,236,255,236,82,82,199,199,
199,199,82,101,91,146,146,101,101,101,91,246,246,82,82,199,
199,199,82,101,82,91,101,91,101,91,91,91,255,255,82,199,
100,100,82,255,101,82,82,82,101,91,91,91,82,255,236,199,
100,100,100,82,82,82,100,82,101,91,91,91,82,82,82,199,
199,100,100,100,100,100,100,82,127,255,82,82,82,100,100,199,
199,199,199,199,199,199,199,199,199,199,199,199,199,199,199,199,
199,199,199,199,199,199,199,199,199,199,199,199,199,199,199,199,
199,199,199,199,199,199,199,199,199,199,199,199,199,199,199,199,
