Image28: .word 40, 40
.byte 0,0,0,0,0,0,0,0,0,0,0,0,0,0,0,0,0,0,0,0,0,0,0,0,0,0,0,0,0,0,0,0,0,0,0,0,0,0,0,0,
0,0,0,0,0,0,0,0,0,0,0,0,0,0,0,0,0,0,0,0,0,0,0,0,0,0,0,0,0,0,0,0,0,0,0,0,0,0,0,0,
0,0,0,0,0,0,0,0,0,0,0,0,0,0,0,0,0,0,0,0,0,0,0,0,0,0,0,0,0,0,0,0,0,0,0,0,0,0,0,0,
0,0,0,0,0,0,0,0,0,0,0,0,0,0,0,0,0,0,0,0,0,0,0,0,0,0,0,0,0,0,0,0,0,0,0,0,0,0,0,0,
0,0,0,0,0,0,0,0,0,0,0,0,0,0,0,0,0,0,0,0,0,0,0,0,0,0,0,0,0,0,0,0,0,0,0,0,0,0,0,0,
0,0,0,0,0,0,0,0,0,0,0,0,0,0,0,0,0,0,0,0,0,0,0,0,0,0,0,0,0,0,0,0,0,0,0,0,0,0,0,0,
0,0,0,0,0,0,0,0,0,0,0,0,0,0,0,0,0,0,0,0,0,0,0,0,0,0,0,0,0,0,0,0,0,0,0,0,0,0,0,0,
0,0,0,0,0,0,0,0,0,0,0,0,0,0,0,0,0,0,0,0,0,0,0,0,0,0,0,0,0,0,0,0,0,0,0,0,0,0,0,0,
0,0,0,0,0,0,0,0,0,0,0,0,0,0,0,0,0,0,0,0,0,0,0,0,0,0,0,0,0,0,0,0,0,0,0,0,0,0,0,0,
0,0,0,0,0,0,0,0,0,0,0,0,0,0,0,0,0,0,0,0,0,0,0,0,0,0,0,0,0,0,0,0,0,0,0,0,0,0,0,0,
0,0,0,0,0,0,0,0,0,0,0,0,0,0,0,0,0,0,0,0,0,0,0,0,0,0,0,0,0,0,0,0,0,0,0,0,0,0,0,0,
0,0,0,0,0,0,0,0,0,0,0,0,0,0,0,0,0,0,0,0,0,0,0,0,0,0,0,0,0,0,0,0,0,0,0,0,0,0,0,0,
0,0,0,0,0,0,0,0,0,0,0,0,0,0,0,0,0,0,0,0,0,0,0,0,0,0,0,0,0,0,0,0,0,0,0,0,0,0,0,0,
0,0,0,0,0,0,0,0,0,255,255,255,0,0,0,0,0,0,255,255,0,0,0,0,0,0,255,255,255,255,255,0,0,0,0,0,0,0,0,0,
0,0,0,0,0,0,0,0,0,255,255,255,0,0,0,0,0,0,255,255,0,0,0,0,255,255,255,255,255,255,255,255,255,0,0,0,0,0,0,0,
0,0,0,0,0,0,0,0,255,255,255,255,0,0,0,0,0,0,255,255,0,0,0,255,255,255,255,0,0,0,0,255,255,255,0,0,0,0,0,0,
0,0,0,0,0,0,0,0,255,255,0,255,255,0,0,0,0,255,255,0,0,0,255,255,255,0,0,0,0,0,0,0,255,255,0,0,0,0,0,0,
0,0,0,0,0,0,0,0,255,255,0,255,255,0,0,0,0,255,255,0,0,0,255,255,0,0,0,0,0,0,0,0,0,255,255,0,0,0,0,0,
0,0,0,0,0,0,0,0,255,255,0,255,255,0,0,0,0,255,255,0,0,255,255,255,0,0,0,0,0,0,0,0,0,255,255,0,0,0,0,0,
0,0,0,0,0,0,0,0,255,255,0,0,255,255,0,0,0,255,255,0,0,255,255,0,0,0,0,0,0,0,0,0,0,255,255,0,0,0,0,0,
0,0,0,0,0,0,0,255,255,255,0,0,255,255,0,0,0,255,255,0,0,255,255,0,0,0,0,0,0,0,0,0,0,255,255,0,0,0,0,0,
0,0,0,0,0,0,0,255,255,0,0,0,255,255,0,0,255,255,0,0,0,255,255,0,0,0,0,0,0,0,0,0,0,255,255,0,0,0,0,0,
0,0,0,0,0,0,0,255,255,0,0,0,0,255,255,0,255,255,0,0,0,255,255,0,0,0,0,0,0,0,0,0,255,255,255,0,0,0,0,0,
0,0,0,0,0,0,0,255,255,0,0,0,0,255,255,0,255,255,0,0,0,255,255,0,0,0,0,0,0,0,0,0,255,255,0,0,0,0,0,0,
0,0,0,0,0,0,0,255,255,0,0,0,0,255,255,0,255,255,0,0,0,0,255,255,0,0,0,0,0,0,0,255,255,255,0,0,0,0,0,0,
0,0,0,0,0,0,255,255,255,0,0,0,0,255,255,0,255,255,0,0,0,0,255,255,255,0,0,0,0,255,255,255,255,0,0,0,0,0,0,0,
0,0,0,0,0,0,255,255,0,0,0,0,0,0,255,255,255,0,0,0,0,0,0,255,255,255,255,255,255,255,255,255,0,0,0,0,0,0,0,0,
0,0,0,0,0,0,255,255,0,0,0,0,0,0,255,255,255,0,0,0,0,0,0,0,0,255,255,255,255,255,0,0,0,0,0,0,0,0,0,0,
0,0,0,0,0,0,0,0,0,0,0,0,0,0,0,0,0,0,0,0,0,0,0,0,0,0,0,0,0,0,0,0,0,0,0,0,0,0,0,0,
0,0,0,0,0,0,0,0,0,0,0,0,0,0,0,0,0,0,0,0,0,0,0,0,0,0,0,0,0,0,0,0,0,0,0,0,0,0,0,0,
0,0,0,0,0,0,0,0,0,0,0,0,0,0,0,0,0,0,0,0,0,0,0,0,0,0,0,0,0,0,0,0,0,0,0,0,0,0,0,0,
0,0,0,0,0,0,0,0,0,0,0,0,0,0,0,0,0,0,0,0,0,0,0,0,0,0,0,0,0,0,0,0,0,0,0,0,0,0,0,0,
0,0,0,0,0,0,0,0,0,0,0,0,0,0,0,0,0,0,0,0,0,0,0,0,0,0,0,0,0,0,0,0,0,0,0,0,0,0,0,0,
0,0,0,0,0,0,0,0,0,0,0,0,0,0,0,0,0,0,0,0,0,0,0,0,0,0,0,0,0,0,0,0,0,0,0,0,0,0,0,0,
0,0,0,0,0,0,0,0,0,0,0,0,0,0,0,0,0,0,0,0,0,0,0,0,0,0,0,0,0,0,0,0,0,0,0,0,0,0,0,0,
0,0,0,0,0,0,0,0,0,0,0,0,0,0,0,0,0,0,0,0,0,0,0,0,0,0,0,0,0,0,0,0,0,0,0,0,0,0,0,0,
0,0,0,0,0,0,0,0,0,0,0,0,0,0,0,0,0,0,0,0,0,0,0,0,0,0,0,0,0,0,0,0,0,0,0,0,0,0,0,0,
0,0,0,0,0,0,0,0,0,0,0,0,0,0,0,0,0,0,0,0,0,0,0,0,0,0,0,0,0,0,0,0,0,0,0,0,0,0,0,0,
0,0,0,0,0,0,0,0,0,0,0,0,0,0,0,0,0,0,0,0,0,0,0,0,0,0,0,0,0,0,0,0,0,0,0,0,0,0,0,0,
0,0,0,0,0,0,0,0,0,0,0,0,0,0,0,0,0,0,0,0,0,0,0,0,0,0,0,0,0,0,0,0,0,0,0,0,0,0,0,0,


